# N D   Rg
1.000000000000000000e+01 1.075826421469892324e-01 1.245877111412300620e+00
2.000000000000000000e+01 5.719457001359357085e-02 1.768514932905001391e+00
3.000000000000000000e+01 3.474364921188029254e-02 2.163920894156076802e+00
4.000000000000000000e+01 3.033833565084673861e-02 2.507974596869932959e+00
5.000000000000000000e+01 2.131373506942647877e-02 2.800370838317820521e+00
6.000000000000000000e+01 1.710803240919326479e-02 3.064972487890427200e+00
7.000000000000000000e+01 1.159106828797807492e-02 3.311527531166554184e+00
8.000000000000000000e+01 1.194128569264461294e-02 3.531676031401593807e+00
9.000000000000000000e+01 9.145856995593368982e-03 3.747785328965153706e+00
1.000000000000000000e+02 9.588389192889507431e-03 3.936213585178943486e+00
