4.00 100000200.000000 150.212429 -0.019714 0.011371 -150.266754 0.045382 -0.004648 
4.05 100000200.000000 126.152140 -0.008303 -0.002711 -126.154325 0.004288 0.038242 
4.10 100000200.000000 106.026050 0.009610 0.032257 -105.939986 -0.016307 -0.010932 
4.15 100000200.000000 89.085868 0.026785 0.027410 -89.130665 0.054514 -0.003586 
4.20 100000200.000000 74.982628 -0.007164 -0.006244 -74.980135 -0.016454 0.016595 
4.25 100000200.000000 63.087974 0.023702 0.006549 -63.094181 -0.024405 -0.008408 
4.30 100000200.000000 53.075984 0.034463 -0.010050 -53.061215 0.034531 -0.000208 
4.35 100000200.000000 44.712227 -0.011560 -0.016621 -44.731327 0.042487 0.010028 
4.40 100000200.000000 37.592724 0.010832 0.075447 -37.600665 0.001548 0.029033 
4.45 100000200.000000 31.603399 -0.038729 -0.005600 -31.616357 -0.039091 -0.017668 
4.50 100000200.000000 26.538848 -0.049462 0.003882 -26.523219 0.025047 0.051296 
4.55 100000200.000000 22.285411 -0.028470 -0.015782 -22.302046 0.020184 -0.010468 
4.60 100000200.000000 18.658652 0.059597 0.036150 -18.636518 0.005633 0.004458 
4.65 100000200.000000 15.587696 0.036559 -0.037080 -15.590347 0.018995 0.031760 
4.70 100000200.000000 13.019121 -0.030388 0.008266 -13.026813 -0.002935 -0.041168 
4.75 100000200.000000 10.811721 0.027987 0.035715 -10.831821 -0.007105 0.034261 
4.80 100000200.000000 8.988772 0.044801 0.017325 -8.962724 0.031207 -0.003523 
4.85 100000200.000000 7.329976 -0.012048 0.006108 -7.400370 0.019782 0.010625 
4.90 100000200.000000 6.060505 0.020450 0.014210 -6.089156 -0.022234 0.014845 
4.95 100000200.000000 4.927039 -0.030477 0.027690 -4.883398 -0.006281 -0.022321 
5.00 100000200.000000 3.953885 0.020668 0.015321 -3.966385 0.020513 0.005828 
5.05 100000200.000000 3.159035 -0.030239 0.046622 -3.179079 -0.044347 -0.010451 
5.10 100000200.000000 2.483783 0.015654 -0.007893 -2.456159 0.012090 -0.051019 
5.15 100000200.000000 1.930292 0.001190 0.023023 -1.978744 -0.012003 -0.011769 
5.20 100000200.000000 1.474579 -0.021569 0.004964 -1.475811 -0.009225 0.032037 
5.25 100000200.000000 0.994940 -0.031800 0.043216 -1.015023 0.005087 0.017359 
5.30 100000200.000000 0.706810 0.019794 0.064755 -0.719861 -0.033981 0.039870 
5.35 100000200.000000 0.421035 -0.006452 0.015996 -0.429781 0.007669 -0.005484 
5.40 100000200.000000 0.165449 0.051441 -0.042977 -0.177501 -0.003750 -0.014536 
5.45 100000200.000000 0.068777 -0.010571 0.028762 -0.010888 0.038402 0.004541 
5.50 100000200.000000 -0.120993 -0.000223 -0.038432 0.143044 0.024156 -0.029724 
5.55 100000200.000000 -0.256062 -0.012626 0.012743 0.283473 0.002768 0.036944 
5.60 100000200.000000 -0.333221 0.006244 -0.044833 0.321991 0.002616 -0.023712 
5.65 100000200.000000 -0.292407 0.017490 0.021564 0.331508 0.016402 -0.006909 
5.70 100000200.000000 -0.269952 -0.020910 -0.035876 0.279673 0.029865 -0.013776 
5.75 100000200.000000 -0.238941 -0.025240 0.021014 0.244562 0.051889 0.014831 
5.80 100000200.000000 -0.204671 0.003228 0.031811 0.190301 -0.012846 -0.001913 
5.85 100000200.000000 -0.150116 -0.008192 0.021079 0.141110 -0.032711 0.038265 
5.90 100000200.000000 -0.128322 0.026465 -0.006930 0.166562 0.047218 0.016645 
5.95 100000200.000000 -0.093559 0.014855 -0.029106 0.108858 0.004315 -0.014964 
6.00 100000200.000000 -0.036941 -0.007287 -0.012606 0.058928 -0.020860 -0.019271 
6.05 100000200.000000 -0.086827 -0.018122 0.000172 0.038054 0.025337 -0.008664 
6.10 100000200.000000 -0.010711 0.007497 -0.014551 0.048966 0.016524 -0.006522 
6.15 100000200.000000 0.032045 0.027334 0.016798 0.017994 0.044560 -0.068245 
6.20 100000200.000000 -0.021761 -0.028058 0.004817 0.024447 -0.016999 -0.014724 
6.25 100000200.000000 -0.025524 -0.002678 -0.025601 0.006700 -0.021257 0.033731 
6.30 100000200.000000 -0.000462 -0.012828 0.003252 -0.054221 0.003059 -0.057787 
6.35 100000200.000000 -0.006575 0.021846 -0.014371 -0.014782 0.022530 -0.048293 
6.40 100000200.000000 -0.007816 0.000265 0.047445 -0.009213 0.020335 -0.028929 
6.45 100000200.000000 0.038149 -0.008964 0.017069 -0.009005 -0.027180 -0.004854 
6.50 100000200.000000 0.000834 -0.024600 0.017142 -0.045974 0.003419 0.020031 
6.55 100000200.000000 0.015661 0.021082 -0.004125 0.020365 -0.007939 -0.040665 
6.60 100000200.000000 0.024250 0.018208 0.031962 -0.011461 0.005304 0.020273 
6.65 100000200.000000 -0.013313 -0.021676 -0.012930 0.006402 -0.004471 -0.034348 
6.70 100000200.000000 0.050031 0.019734 -0.006920 -0.036844 -0.056235 0.004207 
6.75 100000200.000000 -0.016007 0.004241 0.034438 0.011326 0.029597 -0.031197 
6.80 100000200.000000 0.009636 -0.004017 -0.020915 -0.028926 -0.021859 0.005928 
6.85 100000200.000000 0.021164 0.019383 -0.030103 -0.026870 0.002556 -0.000834 
6.90 100000200.000000 -0.021051 0.065891 0.006936 0.021252 -0.027864 -0.002604 
6.95 100000200.000000 0.032773 -0.014558 -0.002355 0.013202 -0.018815 0.016932 
7.00 100000200.000000 -0.043218 -0.022255 -0.038385 0.033634 -0.021312 0.040688 
7.05 100000200.000000 -0.029610 0.059786 0.024571 0.020266 -0.004412 -0.002156 
7.10 100000200.000000 -0.039746 0.034301 -0.018681 0.032418 0.028719 0.009461 
7.15 100000200.000000 0.005067 0.054088 -0.003538 0.042326 -0.021656 -0.006459 
7.20 100000200.000000 -0.001804 0.011063 -0.062292 0.042357 -0.020455 0.011406 
7.25 100000200.000000 -0.025600 0.007396 0.003691 -0.032105 0.018526 -0.008237 
7.30 100000200.000000 -0.017853 0.053392 0.000476 0.023555 0.014161 0.002128 
7.35 100000200.000000 0.030925 0.004099 0.016043 0.011489 0.002627 0.002083 
7.40 100000200.000000 0.014921 -0.001603 -0.021701 -0.017444 0.029299 -0.025978 
7.45 100000200.000000 -0.032824 0.056150 -0.015148 0.003420 -0.003927 0.006308 
7.50 100000200.000000 0.030018 0.016015 0.030859 0.001267 0.014956 0.028299 
7.55 100000200.000000 0.002969 0.005998 0.011692 -0.041159 -0.007839 -0.010052 
7.60 100000200.000000 0.033245 0.011133 0.021519 -0.062360 -0.010728 0.048038 
7.65 100000200.000000 -0.022127 0.045767 -0.005601 -0.001931 -0.010725 -0.010289 
7.70 100000200.000000 -0.001798 0.059484 0.003816 -0.056928 0.011754 0.024207 
7.75 100000200.000000 -0.058847 0.011897 0.076426 -0.038952 0.018417 0.007533 
7.80 100000200.000000 0.024701 -0.003755 -0.024665 -0.037319 0.007847 0.006352 
7.85 100000200.000000 0.014822 -0.015898 0.005114 0.024089 0.010997 0.002089 
7.90 100000200.000000 0.003282 0.035115 -0.009503 0.016551 0.011679 -0.030961 
7.95 100000200.000000 -0.016216 0.016253 -0.019178 -0.024148 0.002520 0.023883 
8.00 100000200.000000 -0.018519 0.018260 -0.004794 0.058946 0.043155 0.002210 
