4.00 100000200.000000 151.050892 -0.000962 0.028408 -151.047226 -0.010303 0.008396 
4.05 100000200.000000 126.902651 0.021907 0.025469 -126.926045 0.023124 0.001681 
4.10 100000200.000000 106.773522 0.001547 0.001817 -106.758614 0.020414 0.009446 
4.15 100000200.000000 89.863057 -0.016482 0.013680 -89.855659 -0.009462 0.010643 
4.20 100000200.000000 75.718471 0.005551 -0.025567 -75.684860 0.001625 -0.019072 
4.25 100000200.000000 63.790503 0.021706 0.029791 -63.781784 -0.001997 0.006413 
4.30 100000200.000000 53.782032 0.016546 -0.015525 -53.789660 0.028525 -0.011687 
4.35 100000200.000000 45.341118 0.006456 -0.000238 -45.384118 -0.013536 -0.014994 
4.40 100000200.000000 38.262678 -0.025640 -0.024219 -38.252815 0.020228 0.019701 
4.45 100000200.000000 32.243943 0.009476 0.008325 -32.276442 0.010851 0.008296 
4.50 100000200.000000 27.170123 0.027624 0.009184 -27.177785 -0.026151 0.017614 
4.55 100000200.000000 22.869638 -0.001883 -0.014570 -22.908289 0.017622 0.015858 
4.60 100000200.000000 19.245820 0.009349 0.000501 -19.263901 -0.001005 -0.013921 
4.65 100000200.000000 16.179833 0.018229 -0.016178 -16.163795 0.014635 -0.019523 
4.70 100000200.000000 13.555100 0.002825 -0.016757 -13.548415 0.026850 -0.004437 
4.75 100000200.000000 11.366614 0.016382 0.005568 -11.333127 0.025868 0.026485 
4.80 100000200.000000 9.476180 0.018045 0.010145 -9.474864 0.000908 0.002286 
4.85 100000200.000000 7.877345 0.028598 0.003339 -7.843608 0.025498 0.019045 
4.90 100000200.000000 6.526783 0.006811 0.043835 -6.530344 0.032198 0.030325 
4.95 100000200.000000 5.405246 0.010000 0.010386 -5.398520 0.017119 0.004629 
5.00 100000200.000000 4.384549 0.012693 -0.000065 -4.397109 0.013004 0.013664 
5.05 100000200.000000 3.585004 0.015743 0.005529 -3.590053 0.042384 0.037696 
5.10 100000200.000000 2.860410 -0.007872 0.014692 -2.880473 0.023778 -0.001891 
5.15 100000200.000000 2.337342 -0.010044 -0.006265 -2.288035 -0.035927 0.007066 
5.20 100000200.000000 1.788918 -0.007377 -0.017263 -1.774525 -0.002053 0.005928 
5.25 100000200.000000 1.376517 0.008544 -0.022683 -1.372530 -0.025443 -0.026420 
5.30 100000200.000000 1.002852 -0.004916 0.007407 -1.033272 0.018996 0.032760 
5.35 100000200.000000 0.738375 -0.015824 0.014786 -0.718572 0.015955 -0.021676 
5.40 100000200.000000 0.477740 0.026987 -0.025645 -0.463096 0.014373 -0.001793 
5.45 100000200.000000 0.278175 0.027006 -0.008122 -0.303798 0.004972 -0.005492 
5.50 100000200.000000 0.121412 0.000611 0.044776 -0.109750 -0.001016 -0.006060 
5.55 100000200.000000 -0.011196 0.005183 0.020771 0.036228 0.010298 -0.004690 
5.60 100000200.000000 -0.150953 0.015900 -0.013815 0.120740 0.010670 0.035082 
5.65 100000200.000000 -0.161665 -0.000529 -0.011782 0.164852 0.006957 -0.012402 
5.70 100000200.000000 -0.126406 0.018234 0.009343 0.136089 -0.013291 0.022742 
5.75 100000200.000000 -0.130641 -0.012238 -0.040851 0.142760 -0.005882 0.023331 
5.80 100000200.000000 -0.136918 0.034272 0.014007 0.126735 0.013651 -0.003814 
5.85 100000200.000000 -0.066728 0.019494 -0.005639 0.094197 0.013526 0.012008 
5.90 100000200.000000 -0.052051 0.006627 -0.011416 0.061519 -0.012404 -0.005042 
5.95 100000200.000000 -0.078377 0.012913 -0.019913 0.062046 -0.001029 0.019278 
6.00 100000200.000000 -0.032741 0.024292 0.003098 0.071032 -0.009292 -0.001588 
6.05 100000200.000000 -0.048147 0.010453 -0.003544 0.027113 0.011921 -0.034010 
6.10 100000200.000000 -0.003985 0.004936 0.020563 0.045238 -0.022703 0.020860 
6.15 100000200.000000 0.008049 -0.007758 0.017678 0.036940 -0.008748 -0.002400 
6.20 100000200.000000 0.022608 0.004064 0.018624 -0.010146 0.007588 0.020955 
6.25 100000200.000000 0.013174 -0.031399 0.007194 -0.025844 0.016208 -0.013597 
6.30 100000200.000000 -0.008803 -0.058119 0.000734 0.007142 0.008656 0.004313 
6.35 100000200.000000 0.005186 -0.044188 0.013492 0.003403 0.010727 0.003356 
6.40 100000200.000000 -0.018156 -0.000387 0.011493 -0.005066 -0.017619 0.005613 
6.45 100000200.000000 0.010447 -0.023962 -0.000684 -0.006931 0.009126 -0.010168 
6.50 100000200.000000 0.025592 0.004572 -0.002470 0.019563 -0.009978 0.026131 
6.55 100000200.000000 0.000599 0.009416 0.030517 -0.028656 0.034841 0.039175 
6.60 100000200.000000 0.020638 0.009388 -0.033769 -0.016911 0.013976 0.013270 
6.65 100000200.000000 0.020649 -0.000986 -0.000557 0.007961 0.009373 0.030590 
6.70 100000200.000000 -0.028000 -0.013126 0.002375 0.017388 -0.005355 0.002680 
6.75 100000200.000000 -0.010986 0.005706 0.016233 0.015974 -0.023934 -0.008450 
6.80 100000200.000000 -0.018914 0.020472 -0.008733 0.038576 0.000218 0.019173 
6.85 100000200.000000 -0.001993 -0.000076 0.006792 0.030489 0.004490 0.022439 
6.90 100000200.000000 -0.026153 -0.029470 -0.024544 0.001768 -0.005097 -0.013504 
6.95 100000200.000000 -0.033943 0.013026 0.012110 0.003359 0.043236 0.003180 
7.00 100000200.000000 0.051557 -0.010252 -0.008225 -0.013482 -0.018481 -0.039407 
7.05 100000200.000000 0.028633 0.019042 0.003674 0.027505 -0.028709 0.013297 
7.10 100000200.000000 -0.018311 0.011531 0.021823 -0.010906 0.015849 -0.009903 
7.15 100000200.000000 -0.005542 -0.024420 0.009845 -0.014053 0.001365 0.014475 
7.20 100000200.000000 -0.004835 -0.013201 0.000927 0.020692 0.012432 0.018010 
7.25 100000200.000000 0.013230 -0.004685 -0.000428 -0.021769 -0.031001 0.004093 
7.30 100000200.000000 -0.008597 -0.000054 -0.014485 -0.004644 -0.026809 -0.000023 
7.35 100000200.000000 0.001251 -0.006147 -0.021512 0.017994 0.036220 -0.005157 
7.40 100000200.000000 -0.007835 0.011097 0.038939 0.009865 0.019323 0.007318 
7.45 100000200.000000 0.029483 -0.033631 0.016233 -0.009615 -0.002420 0.034847 
7.50 100000200.000000 -0.004349 -0.023173 0.010455 0.006385 0.031351 -0.000068 
7.55 100000200.000000 -0.011783 -0.023250 -0.026068 -0.004769 0.019470 -0.013244 
7.60 100000200.000000 -0.023394 0.022170 0.014713 0.024850 0.011949 0.038165 
7.65 100000200.000000 -0.037791 -0.010645 -0.006980 -0.003065 -0.018095 0.018407 
7.70 100000200.000000 0.019904 0.000907 0.021617 -0.019437 -0.006925 0.003011 
7.75 100000200.000000 -0.008138 -0.018115 -0.014255 -0.039423 0.019916 0.014016 
7.80 100000200.000000 -0.012836 0.021748 -0.017737 -0.009991 0.028098 -0.010414 
7.85 100000200.000000 0.016296 0.028375 0.030067 -0.011264 -0.010891 -0.035375 
7.90 100000200.000000 0.015094 -0.000531 -0.007119 -0.010604 -0.009217 -0.014489 
7.95 100000200.000000 -0.010355 -0.004248 -0.003204 0.012556 -0.044043 -0.002785 
8.00 100000200.000000 -0.010074 -0.034519 -0.003246 0.034920 0.017125 0.028832 
