4.00 100000200.000000 148.293331 0.031238 0.011591 -148.244010 -0.033287 0.021179 
4.05 100000200.000000 124.197674 0.012801 -0.013352 -124.275417 -0.048575 -0.013160 
4.10 100000200.000000 104.124974 -0.055104 -0.074068 -104.125827 -0.015780 -0.034502 
4.15 100000200.000000 87.290525 0.035199 -0.006839 -87.245653 0.072885 0.039564 
4.20 100000200.000000 73.262815 -0.061915 0.025431 -73.161042 -0.018910 -0.005614 
4.25 100000200.000000 61.342191 0.054057 -0.036519 -61.321253 0.024929 -0.050685 
4.30 100000200.000000 51.349828 0.072216 -0.067447 -51.375717 0.050015 0.013873 
4.35 100000200.000000 43.047582 -0.007094 -0.067910 -43.044303 -0.003228 -0.036599 
4.40 100000200.000000 35.994005 0.018015 0.061629 -35.962278 -0.017134 0.056472 
4.45 100000200.000000 30.062726 -0.012319 -0.006216 -30.063196 0.012745 0.028870 
4.50 100000200.000000 25.029766 0.015081 -0.033091 -25.000955 0.014126 -0.042464 
4.55 100000200.000000 20.804252 0.013259 -0.016032 -20.791566 -0.015327 -0.040417 
4.60 100000200.000000 17.235162 0.025939 -0.045015 -17.203250 0.026870 -0.014860 
4.65 100000200.000000 14.246551 -0.038555 -0.052982 -14.217633 0.026931 -0.012142 
4.70 100000200.000000 11.727955 0.002848 0.040044 -11.700871 0.030214 -0.049916 
4.75 100000200.000000 9.500245 -0.024388 -0.000279 -9.530965 -0.020981 0.037432 
4.80 100000200.000000 7.721767 -0.003555 0.013854 -7.714085 0.017949 -0.037591 
4.85 100000200.000000 6.204905 0.010499 0.020900 -6.170546 -0.048070 -0.035485 
4.90 100000200.000000 4.846249 0.004765 0.004812 -4.866344 0.004535 -0.062959 
4.95 100000200.000000 3.805939 0.026059 -0.002329 -3.843533 0.063136 -0.016219 
5.00 100000200.000000 2.888032 0.000312 -0.015927 -2.932714 0.024582 0.005122 
5.05 100000200.000000 2.167620 0.009175 0.017313 -2.203612 -0.003010 -0.006471 
5.10 100000200.000000 1.629360 -0.010878 -0.010218 -1.574173 -0.004099 0.009945 
5.15 100000200.000000 1.037138 -0.025420 0.012844 -1.034196 0.048481 0.001449 
5.20 100000200.000000 0.616884 0.040600 0.025225 -0.617637 0.071926 0.057031 
5.25 100000200.000000 0.237709 -0.006994 -0.012777 -0.191138 -0.032080 -0.005484 
5.30 100000200.000000 -0.010851 -0.002996 -0.074952 -0.029110 -0.030957 -0.039981 
5.35 100000200.000000 -0.276232 -0.018055 0.004591 0.242485 0.053288 -0.056553 
5.40 100000200.000000 -0.417737 0.007798 -0.035592 0.435883 0.009699 -0.022537 
5.45 100000200.000000 -0.523685 -0.009177 0.052777 0.571926 0.024821 0.043806 
5.50 100000200.000000 -0.629074 0.030958 0.061246 0.649027 -0.013705 0.010991 
5.55 100000200.000000 -0.747928 0.034533 0.002483 0.760155 0.021862 -0.051830 
5.60 100000200.000000 -0.721114 -0.033548 -0.067491 0.760923 0.066278 0.003291 
5.65 100000200.000000 -0.697679 0.067030 0.041090 0.686996 -0.017974 0.036509 
5.70 100000200.000000 -0.543018 0.017977 0.063672 0.568424 0.040602 -0.004892 
5.75 100000200.000000 -0.435885 0.026043 -0.024895 0.528526 0.060510 0.016641 
5.80 100000200.000000 -0.358485 0.017334 0.054895 0.358811 -0.017533 0.008955 
5.85 100000200.000000 -0.193518 0.042258 0.011659 0.278547 0.011733 -0.004748 
5.90 100000200.000000 -0.181625 -0.003879 -0.015599 0.234185 -0.012868 0.013507 
5.95 100000200.000000 -0.097780 -0.004629 0.012383 0.049389 0.055396 0.016787 
6.00 100000200.000000 -0.078926 -0.023719 0.003538 0.055566 -0.002607 0.092068 
6.05 100000200.000000 -0.027218 -0.006067 -0.036733 0.069072 0.025107 0.011140 
6.10 100000200.000000 0.049116 -0.026486 0.013235 -0.032087 -0.011059 -0.005966 
6.15 100000200.000000 0.130827 -0.019228 -0.001386 -0.071109 -0.008341 0.051302 
6.20 100000200.000000 0.073653 -0.089501 0.003437 -0.090002 -0.043456 -0.024720 
6.25 100000200.000000 0.064429 -0.032271 -0.041959 -0.102169 0.029645 -0.077018 
6.30 100000200.000000 0.101935 0.008395 0.012135 -0.072800 -0.037009 0.089780 
6.35 100000200.000000 0.048429 0.011415 0.055516 -0.098247 0.005682 0.012249 
6.40 100000200.000000 0.084952 -0.053900 -0.001223 -0.059046 0.026696 0.040223 
6.45 100000200.000000 0.050286 -0.011868 0.017946 -0.019842 0.023840 0.035826 
6.50 100000200.000000 0.061422 0.033182 -0.013063 -0.017431 0.000579 0.031228 
6.55 100000200.000000 -0.038349 -0.044607 -0.016209 0.027261 0.018551 -0.081287 
6.60 100000200.000000 -0.039762 0.006989 0.032300 -0.031255 0.005568 0.017586 
6.65 100000200.000000 -0.003021 0.067134 0.027268 0.044063 0.006326 0.010229 
6.70 100000200.000000 -0.048362 -0.004066 -0.036789 0.031248 0.043768 0.034191 
6.75 100000200.000000 -0.043241 0.006930 -0.073127 -0.012001 0.089183 -0.035491 
6.80 100000200.000000 -0.062755 -0.053484 -0.001845 -0.006077 0.029840 0.068081 
6.85 100000200.000000 -0.005841 -0.027548 -0.018824 -0.034103 0.022418 -0.005606 
6.90 100000200.000000 -0.011105 -0.026906 -0.020766 0.049357 -0.015162 0.040277 
6.95 100000200.000000 0.061946 0.032840 -0.067206 0.005310 -0.010085 -0.046642 
7.00 100000200.000000 -0.018071 0.046844 0.010179 0.057406 -0.021167 -0.048513 
7.05 100000200.000000 0.010910 -0.016406 -0.009359 -0.020916 -0.001961 0.040743 
7.10 100000200.000000 -0.017486 0.007429 0.033941 0.027522 -0.014372 -0.046975 
7.15 100000200.000000 -0.017147 0.061897 0.059632 -0.026232 0.028247 0.025976 
7.20 100000200.000000 -0.007699 -0.061848 0.016222 0.006020 0.047879 -0.022088 
7.25 100000200.000000 0.000412 -0.026871 -0.028738 -0.024918 -0.021547 -0.009566 
7.30 100000200.000000 0.011255 -0.017469 0.033719 0.027390 -0.012226 0.023783 
7.35 100000200.000000 0.065986 0.034194 0.003810 -0.079103 -0.034706 0.010171 
7.40 100000200.000000 -0.068601 -0.012589 0.037422 0.045575 0.056083 0.033181 
7.45 100000200.000000 -0.018823 0.046338 0.033412 0.046627 0.006109 0.053715 
7.50 100000200.000000 -0.026792 0.014619 0.031552 0.019919 0.035731 0.003613 
7.55 100000200.000000 0.000828 0.028148 -0.000053 0.000206 -0.035323 0.005684 
7.60 100000200.000000 0.034051 -0.030540 0.022721 0.025166 0.049243 0.010545 
7.65 100000200.000000 -0.065179 -0.014821 0.036401 -0.006049 0.012971 -0.042700 
7.70 100000200.000000 0.057998 0.024601 -0.016242 0.005860 -0.053638 -0.010074 
7.75 100000200.000000 -0.018471 0.004074 0.053369 -0.032513 0.027620 -0.001914 
7.80 100000200.000000 -0.039679 0.004320 -0.038393 0.017503 0.011504 0.035121 
7.85 100000200.000000 0.034503 -0.014955 -0.028252 -0.104694 -0.055950 -0.004331 
7.90 100000200.000000 -0.003791 0.035115 -0.000723 0.016697 -0.028164 0.038492 
7.95 100000200.000000 0.042597 0.020296 0.043337 -0.042619 -0.067651 -0.018831 
8.00 100000200.000000 0.025020 0.004564 0.013528 -0.009020 -0.012779 -0.010360 
