4.00 100000200.000000 149.365337 0.014231 0.040670 -149.364045 -0.045205 0.021455 
4.05 100000200.000000 125.233633 0.067489 0.020556 -125.206808 -0.008163 0.028880 
4.10 100000200.000000 105.112400 -0.031676 -0.017122 -105.096008 0.013208 0.028432 
4.15 100000200.000000 88.292792 -0.006196 0.047581 -88.277380 0.019728 0.077119 
4.20 100000200.000000 74.078829 -0.011368 0.006487 -74.119735 0.024694 -0.024107 
4.25 100000200.000000 62.288442 -0.009733 -0.031816 -62.291637 0.012235 -0.045168 
4.30 100000200.000000 52.258311 -0.012125 0.073274 -52.281885 -0.019477 -0.022071 
4.35 100000200.000000 43.908230 0.014974 -0.004371 -43.918547 -0.013513 0.018169 
4.40 100000200.000000 36.794597 0.005543 -0.026921 -36.850528 0.051445 -0.011806 
4.45 100000200.000000 30.887993 0.007561 0.014859 -30.913420 0.011514 0.001160 
4.50 100000200.000000 25.836932 -0.015447 0.048475 -25.887385 0.033826 0.032839 
4.55 100000200.000000 21.587836 0.011731 0.006812 -21.602567 0.015207 -0.001615 
4.60 100000200.000000 17.989913 0.024836 -0.023512 -18.001705 0.008981 -0.021171 
4.65 100000200.000000 14.976363 0.031342 0.038682 -14.944537 0.006882 -0.029820 
4.70 100000200.000000 12.376436 0.038456 0.016995 -12.358773 -0.025884 0.021929 
4.75 100000200.000000 10.203451 -0.021662 -0.009504 -10.176787 0.035510 0.047187 
4.80 100000200.000000 8.380823 -0.007058 -0.043895 -8.404075 -0.061450 -0.014866 
4.85 100000200.000000 6.848069 0.030147 0.008026 -6.832835 0.024941 0.003639 
4.90 100000200.000000 5.478445 -0.025475 0.003758 -5.470506 -0.013014 -0.015176 
4.95 100000200.000000 4.383022 0.060590 -0.018459 -4.383055 0.021295 0.032790 
5.00 100000200.000000 3.483099 0.017127 -0.065809 -3.479546 0.041087 0.008785 
5.05 100000200.000000 2.730042 -0.004378 -0.019496 -2.683002 -0.006958 0.017062 
5.10 100000200.000000 2.056785 0.027930 -0.017021 -2.063621 -0.046070 0.017101 
5.15 100000200.000000 1.583922 -0.011868 0.051648 -1.491227 -0.007536 -0.003984 
5.20 100000200.000000 1.061178 0.009178 0.015969 -1.048928 0.062581 -0.060201 
5.25 100000200.000000 0.676315 0.067155 0.012258 -0.644535 0.039263 0.000141 
5.30 100000200.000000 0.381466 0.002953 0.031154 -0.315789 0.027701 0.013933 
5.35 100000200.000000 0.103703 0.016791 -0.019085 -0.096303 0.010637 -0.008630 
5.40 100000200.000000 -0.117580 0.022463 -0.036099 0.063933 0.038227 -0.003427 
5.45 100000200.000000 -0.207587 0.040623 0.030791 0.249816 -0.023567 -0.049628 
5.50 100000200.000000 -0.347530 0.021320 -0.041439 0.399761 0.014417 -0.078719 
5.55 100000200.000000 -0.446619 -0.015439 0.024742 0.484906 -0.022551 -0.024407 
5.60 100000200.000000 -0.539157 -0.043893 -0.025101 0.532692 -0.036497 0.001832 
5.65 100000200.000000 -0.415329 -0.000721 0.082444 0.473498 0.057951 0.000999 
5.70 100000200.000000 -0.478836 0.016022 0.033256 0.449384 -0.003495 -0.042407 
5.75 100000200.000000 -0.305015 0.019139 0.025649 0.295401 0.001266 0.017262 
5.80 100000200.000000 -0.301447 0.068508 0.041667 0.319640 0.037066 -0.006746 
5.85 100000200.000000 -0.241363 -0.030220 0.000570 0.195443 0.007360 0.056003 
5.90 100000200.000000 -0.204475 -0.062346 -0.003373 0.180574 -0.011847 -0.000595 
5.95 100000200.000000 -0.109447 0.015075 -0.023893 0.114006 -0.025930 0.034439 
6.00 100000200.000000 -0.075536 0.026835 0.012246 0.079337 -0.014205 0.032206 
6.05 100000200.000000 0.020408 0.034036 -0.021159 0.028272 0.021970 -0.018474 
6.10 100000200.000000 0.037475 0.042231 0.064898 -0.044583 0.011576 0.050039 
6.15 100000200.000000 0.052532 0.025374 0.055272 -0.058707 0.011202 -0.003100 
6.20 100000200.000000 0.019013 0.040219 -0.041391 0.007014 0.029649 -0.030919 
6.25 100000200.000000 0.009282 0.010985 -0.022079 -0.069106 0.028714 -0.011246 
6.30 100000200.000000 0.067086 -0.003427 -0.034602 0.020533 0.033013 -0.051103 
6.35 100000200.000000 -0.017633 0.001129 -0.061833 -0.034460 0.048170 -0.054658 
6.40 100000200.000000 0.034537 0.008906 -0.025197 -0.028866 0.052926 -0.017669 
6.45 100000200.000000 0.075633 0.019276 0.034451 -0.029180 0.015788 0.017452 
6.50 100000200.000000 0.040108 0.045204 0.001179 -0.028018 0.028804 0.015008 
6.55 100000200.000000 0.083956 0.013155 0.029633 0.001696 0.006936 -0.003145 
6.60 100000200.000000 -0.017055 0.054281 0.031869 -0.009682 0.015861 0.009158 
6.65 100000200.000000 -0.005082 0.059830 0.069582 0.052935 -0.009596 -0.012369 
6.70 100000200.000000 0.044135 0.007220 -0.016551 0.038617 0.001468 -0.000135 
6.75 100000200.000000 -0.005262 0.020150 -0.034157 -0.017707 -0.003545 0.003896 
6.80 100000200.000000 0.002549 0.030245 0.049202 0.001176 0.030597 -0.035011 
6.85 100000200.000000 0.065513 0.041836 -0.053584 0.015987 0.058073 -0.041080 
6.90 100000200.000000 -0.049016 0.022391 -0.014822 0.007014 0.054940 -0.025225 
6.95 100000200.000000 -0.044792 -0.021917 0.037762 0.024694 0.023871 0.016324 
7.00 100000200.000000 -0.038401 0.070793 -0.022263 -0.031325 0.001465 -0.011134 
7.05 100000200.000000 0.012758 -0.007478 0.012648 -0.001976 -0.018728 0.002538 
7.10 100000200.000000 -0.012943 0.017012 -0.017046 0.004336 0.038179 -0.031194 
7.15 100000200.000000 -0.006464 -0.006127 -0.020278 0.004474 -0.030112 0.051858 
7.20 100000200.000000 -0.025991 -0.029215 0.012228 0.043770 -0.009275 0.007922 
7.25 100000200.000000 0.027087 -0.001865 -0.024810 0.017699 0.016659 0.008736 
7.30 100000200.000000 -0.046832 -0.004375 -0.008667 -0.042048 -0.023657 0.033396 
7.35 100000200.000000 -0.031973 0.009931 -0.023138 0.037437 0.025153 0.007559 
7.40 100000200.000000 0.068272 0.001875 0.021496 0.029175 0.046663 0.078858 
7.45 100000200.000000 -0.070896 0.010386 -0.042113 -0.004549 -0.062445 0.019203 
7.50 100000200.000000 -0.050040 0.028886 0.022037 0.036624 -0.030452 0.014322 
7.55 100000200.000000 -0.020832 -0.031341 -0.005253 -0.006182 -0.028141 0.060946 
7.60 100000200.000000 0.022290 -0.027663 -0.006481 -0.027768 0.024862 0.025825 
7.65 100000200.000000 -0.014672 -0.002669 -0.001262 -0.018475 0.027207 0.012017 
7.70 100000200.000000 -0.005769 -0.032670 0.010665 0.039016 0.007093 0.002564 
7.75 100000200.000000 0.017495 0.054870 -0.059970 0.003324 0.033847 -0.015088 
7.80 100000200.000000 -0.047180 0.087519 0.033575 0.032260 -0.030689 -0.000631 
7.85 100000200.000000 -0.046439 -0.005185 -0.011500 0.031904 -0.018842 0.014408 
7.90 100000200.000000 -0.018712 -0.039251 -0.027198 0.050479 -0.011231 0.041422 
7.95 100000200.000000 -0.031645 0.001496 -0.010176 0.068563 -0.042333 0.000778 
8.00 100000200.000000 0.055660 0.020817 0.030182 -0.024297 0.075573 -0.022343 
