4.00 2200.000000 151.734799 0.000000 0.000000 -151.734799 0.000000 0.000000 
4.05 2200.000000 127.599881 0.000000 0.000000 -127.599881 0.000000 0.000000 
4.10 2200.000000 107.420072 0.000000 0.000000 -107.420072 0.000000 0.000000 
4.15 2200.000000 90.518493 0.000000 0.000000 -90.518493 0.000000 0.000000 
4.20 2200.000000 76.340141 0.000000 0.000000 -76.340141 0.000000 0.000000 
4.25 2200.000000 64.427861 0.000000 0.000000 -64.427861 0.000000 0.000000 
4.30 2200.000000 54.405098 0.000000 0.000000 -54.405098 0.000000 0.000000 
4.35 2200.000000 45.960686 0.000000 0.000000 -45.960686 0.000000 0.000000 
4.40 2200.000000 38.836788 0.000000 0.000000 -38.836788 0.000000 0.000000 
4.45 2200.000000 32.819791 0.000000 0.000000 -32.819791 0.000000 0.000000 
4.50 2200.000000 27.731925 0.000000 0.000000 -27.731925 0.000000 0.000000 
4.55 2200.000000 23.425320 0.000000 0.000000 -23.425320 0.000000 0.000000 
4.60 2200.000000 19.776607 0.000000 0.000000 -19.776607 0.000000 0.000000 
4.65 2200.000000 16.682599 0.000000 0.000000 -16.682599 0.000000 0.000000 
4.70 2200.000000 14.057040 0.000000 0.000000 -14.057040 0.000000 0.000000 
4.75 2200.000000 11.827511 0.000000 0.000000 -11.827511 0.000000 0.000000 
4.80 2200.000000 9.933263 0.000000 0.000000 -9.933263 0.000000 0.000000 
4.85 2200.000000 8.323196 0.000000 0.000000 -8.323196 0.000000 0.000000 
4.90 2200.000000 6.954225 0.000000 0.000000 -6.954225 0.000000 0.000000 
4.95 2200.000000 5.790059 0.000000 0.000000 -5.790059 0.000000 0.000000 
5.00 2200.000000 4.800000 0.000000 0.000000 -4.800000 0.000000 0.000000 
5.05 2200.000000 3.958111 0.000000 0.000000 -3.958111 0.000000 0.000000 
5.10 2200.000000 3.242425 0.000000 0.000000 -3.242425 0.000000 0.000000 
5.15 2200.000000 2.634293 0.000000 0.000000 -2.634293 0.000000 0.000000 
5.20 2200.000000 2.117908 0.000000 0.000000 -2.117908 0.000000 0.000000 
5.25 2200.000000 1.679815 0.000000 0.000000 -1.679815 0.000000 0.000000 
5.30 2200.000000 1.308579 0.000000 0.000000 -1.308579 0.000000 0.000000 
5.35 2200.000000 0.994460 0.000000 0.000000 -0.994460 0.000000 0.000000 
5.40 2200.000000 0.729146 0.000000 0.000000 -0.729146 0.000000 0.000000 
5.45 2200.000000 0.505551 0.000000 0.000000 -0.505551 0.000000 0.000000 
5.50 2200.000000 0.317619 0.000000 0.000000 -0.317619 0.000000 0.000000 
5.55 2200.000000 0.160176 0.000000 0.000000 -0.160176 0.000000 0.000000 
5.60 2200.000000 0.028796 0.000000 0.000000 -0.028796 0.000000 0.000000 
5.65 2200.000000 0.000000 0.000000 0.000000 0.000000 0.000000 0.000000 
5.70 2200.000000 0.000000 0.000000 0.000000 0.000000 0.000000 0.000000 
5.75 2200.000000 0.000000 0.000000 0.000000 0.000000 0.000000 0.000000 
5.80 2200.000000 0.000000 0.000000 0.000000 0.000000 0.000000 0.000000 
5.85 2200.000000 0.000000 0.000000 0.000000 0.000000 0.000000 0.000000 
5.90 2200.000000 0.000000 0.000000 0.000000 0.000000 0.000000 0.000000 
5.95 2200.000000 0.000000 0.000000 0.000000 0.000000 0.000000 0.000000 
6.00 2200.000000 0.000000 0.000000 0.000000 0.000000 0.000000 0.000000 
6.05 2200.000000 0.000000 0.000000 0.000000 0.000000 0.000000 0.000000 
6.10 2200.000000 0.000000 0.000000 0.000000 0.000000 0.000000 0.000000 
6.15 2200.000000 0.000000 0.000000 0.000000 0.000000 0.000000 0.000000 
6.20 2200.000000 0.000000 0.000000 0.000000 0.000000 0.000000 0.000000 
6.25 2200.000000 0.000000 0.000000 0.000000 0.000000 0.000000 0.000000 
6.30 2200.000000 0.000000 0.000000 0.000000 0.000000 0.000000 0.000000 
6.35 2200.000000 0.000000 0.000000 0.000000 0.000000 0.000000 0.000000 
6.40 2200.000000 0.000000 0.000000 0.000000 0.000000 0.000000 0.000000 
6.45 2200.000000 0.000000 0.000000 0.000000 0.000000 0.000000 0.000000 
6.50 2200.000000 0.000000 0.000000 0.000000 0.000000 0.000000 0.000000 
6.55 2200.000000 0.000000 0.000000 0.000000 0.000000 0.000000 0.000000 
6.60 2200.000000 0.000000 0.000000 0.000000 0.000000 0.000000 0.000000 
6.65 2200.000000 0.000000 0.000000 0.000000 0.000000 0.000000 0.000000 
6.70 2200.000000 0.000000 0.000000 0.000000 0.000000 0.000000 0.000000 
6.75 2200.000000 0.000000 0.000000 0.000000 0.000000 0.000000 0.000000 
6.80 2200.000000 0.000000 0.000000 0.000000 0.000000 0.000000 0.000000 
6.85 2200.000000 0.000000 0.000000 0.000000 0.000000 0.000000 0.000000 
6.90 2200.000000 0.000000 0.000000 0.000000 0.000000 0.000000 0.000000 
6.95 2200.000000 0.000000 0.000000 0.000000 0.000000 0.000000 0.000000 
7.00 2200.000000 0.000000 0.000000 0.000000 0.000000 0.000000 0.000000 
7.05 2200.000000 0.000000 0.000000 0.000000 0.000000 0.000000 0.000000 
7.10 2200.000000 0.000000 0.000000 0.000000 0.000000 0.000000 0.000000 
7.15 2200.000000 0.000000 0.000000 0.000000 0.000000 0.000000 0.000000 
7.20 2200.000000 0.000000 0.000000 0.000000 0.000000 0.000000 0.000000 
7.25 2200.000000 0.000000 0.000000 0.000000 0.000000 0.000000 0.000000 
7.30 2200.000000 0.000000 0.000000 0.000000 0.000000 0.000000 0.000000 
7.35 2200.000000 0.000000 0.000000 0.000000 0.000000 0.000000 0.000000 
7.40 2200.000000 0.000000 0.000000 0.000000 0.000000 0.000000 0.000000 
7.45 2200.000000 0.000000 0.000000 0.000000 0.000000 0.000000 0.000000 
7.50 2200.000000 0.000000 0.000000 0.000000 0.000000 0.000000 0.000000 
7.55 2200.000000 0.000000 0.000000 0.000000 0.000000 0.000000 0.000000 
7.60 2200.000000 0.000000 0.000000 0.000000 0.000000 0.000000 0.000000 
7.65 2200.000000 0.000000 0.000000 0.000000 0.000000 0.000000 0.000000 
7.70 2200.000000 0.000000 0.000000 0.000000 0.000000 0.000000 0.000000 
7.75 2200.000000 0.000000 0.000000 0.000000 0.000000 0.000000 0.000000 
7.80 2200.000000 0.000000 0.000000 0.000000 0.000000 0.000000 0.000000 
7.85 2200.000000 0.000000 0.000000 0.000000 0.000000 0.000000 0.000000 
7.90 2200.000000 0.000000 0.000000 0.000000 0.000000 0.000000 0.000000 
7.95 2200.000000 0.000000 0.000000 0.000000 0.000000 0.000000 0.000000 
8.00 2200.000000 0.000000 0.000000 0.000000 0.000000 0.000000 0.000000 
