1.000000000000000000e+01 8.171612434291800411e-03 1.282712540659566969e+00
2.000000000000000000e+01 6.138603023259397301e-03 1.826037244239908208e+00
3.000000000000000000e+01 5.281826558899213250e-03 2.220280315473993404e+00
4.000000000000000000e+01 6.498436599986492576e-03 2.567415724277352318e+00
5.000000000000000000e+01 4.351797526626230601e-03 2.824697284911707129e+00
6.000000000000000000e+01 2.680324711003208554e-03 3.216901066635172945e+00
7.000000000000000000e+01 3.754667482201753514e-03 3.420889880800489724e+00
8.000000000000000000e+01 2.260578253631207683e-03 3.621468880994756834e+00
9.000000000000000000e+01 2.012226132471054731e-03 3.833167488321490790e+00
1.000000000000000000e+02 2.587334334773952211e-03 3.991451626066898850e+00
